
17001836          a          a          1          1          1
12          ab          c          1          1          1
17001836          a          b          1          1          1
17          a          a          1          1          1
17          asd          1          1          1          1
17001836          1          1          1          1          1
17001836          1          1          1          1          1
17          a          1          1          1          
17001836          1          1          1          1          1
17001836          1          1          1          1          1
17001836          5          5          5          5          5